1.000100e+05 3.263372e-02 3.263372e-02 
2.000200e+05 6.420247e-02 6.420247e-02 
3.000300e+05 9.474103e-02 9.474103e-02 
4.000400e+05 1.242830e-01 1.242830e-01 
5.000500e+05 1.528609e-01 1.528609e-01 
6.000600e+05 1.805062e-01 1.805062e-01 
7.000700e+05 2.072493e-01 2.072493e-01 
8.000800e+05 2.331198e-01 2.331198e-01 
9.000900e+05 2.581459e-01 2.581459e-01 
1.000100e+06 2.823554e-01 2.823554e-01 
1.100110e+06 3.057748e-01 3.057748e-01 
1.200120e+06 3.284300e-01 3.284300e-01 
1.300130e+06 3.503458e-01 3.503458e-01 
1.400140e+06 3.715465e-01 3.715465e-01 
1.500150e+06 3.920553e-01 3.920553e-01 
1.600160e+06 4.118948e-01 4.118948e-01 
1.700170e+06 4.310869e-01 4.310869e-01 
1.800180e+06 4.496526e-01 4.496526e-01 
1.900190e+06 4.676125e-01 4.676125e-01 
2.000200e+06 4.849863e-01 4.849863e-01 
2.100210e+06 5.017932e-01 5.017932e-01 
2.200220e+06 5.180515e-01 5.180515e-01 
2.300230e+06 5.337793e-01 5.337793e-01 
2.400240e+06 5.489939e-01 5.489939e-01 
2.500250e+06 5.637119e-01 5.637119e-01 
2.600260e+06 5.779496e-01 5.779496e-01 
2.700270e+06 5.917228e-01 5.917228e-01 
2.800280e+06 6.050464e-01 6.050464e-01 
2.900290e+06 6.179352e-01 6.179352e-01 
3.000300e+06 6.304034e-01 6.304034e-01 
3.100310e+06 6.424648e-01 6.424648e-01 
3.200320e+06 6.541325e-01 6.541325e-01 
3.300330e+06 6.654195e-01 6.654195e-01 
3.400340e+06 6.763381e-01 6.763381e-01 
3.500350e+06 6.869005e-01 6.869005e-01 
3.600360e+06 6.971181e-01 6.971181e-01 
3.700370e+06 7.070023e-01 7.070023e-01 
3.800380e+06 7.165639e-01 7.165639e-01 
3.900390e+06 7.258136e-01 7.258136e-01 
4.000400e+06 7.347613e-01 7.347613e-01 
4.100410e+06 7.434171e-01 7.434171e-01 
4.200420e+06 7.517904e-01 7.517904e-01 
4.300430e+06 7.598904e-01 7.598904e-01 
4.400440e+06 7.677261e-01 7.677261e-01 
4.500450e+06 7.753061e-01 7.753061e-01 
4.600460e+06 7.826388e-01 7.826388e-01 
4.700470e+06 7.897321e-01 7.897321e-01 
4.800480e+06 7.965940e-01 7.965940e-01 
4.900490e+06 8.032319e-01 8.032319e-01 
5.000500e+06 8.096532e-01 8.096532e-01 
5.100510e+06 8.158650e-01 8.158650e-01 
5.200520e+06 8.218741e-01 8.218741e-01 
5.300530e+06 8.276870e-01 8.276870e-01 
5.400540e+06 8.333103e-01 8.333103e-01 
5.500550e+06 8.387500e-01 8.387500e-01 
5.600560e+06 8.440122e-01 8.440122e-01 
5.700570e+06 8.491028e-01 8.491028e-01 
5.800580e+06 8.540271e-01 8.540271e-01 
5.900590e+06 8.587908e-01 8.587908e-01 
6.000600e+06 8.633990e-01 8.633990e-01 
6.100610e+06 8.678569e-01 8.678569e-01 
6.200620e+06 8.721693e-01 8.721693e-01 
6.300630e+06 8.763409e-01 8.763409e-01 
6.400640e+06 8.803764e-01 8.803764e-01 
6.500650e+06 8.842802e-01 8.842802e-01 
6.600660e+06 8.880566e-01 8.880566e-01 
6.700670e+06 8.917098e-01 8.917098e-01 
6.800680e+06 8.952438e-01 8.952438e-01 
6.900690e+06 8.986624e-01 8.986624e-01 
7.000700e+06 9.019695e-01 9.019695e-01 
7.100710e+06 9.051686e-01 9.051686e-01 
7.200720e+06 9.082634e-01 9.082634e-01 
7.300730e+06 9.112571e-01 9.112571e-01 
7.400740e+06 9.141532e-01 9.141532e-01 
7.500750e+06 9.169547e-01 9.169547e-01 
7.600760e+06 9.196649e-01 9.196649e-01 
7.700770e+06 9.222865e-01 9.222865e-01 
7.800780e+06 9.248227e-01 9.248227e-01 
7.900790e+06 9.272760e-01 9.272760e-01 
8.000800e+06 9.296493e-01 9.296493e-01 
8.100810e+06 9.319452e-01 9.319452e-01 
8.200820e+06 9.341661e-01 9.341661e-01 
8.300830e+06 9.363146e-01 9.363146e-01 
8.400840e+06 9.383929e-01 9.383929e-01 
8.500850e+06 9.404034e-01 9.404034e-01 
8.600860e+06 9.423483e-01 9.423483e-01 
8.700870e+06 9.442298e-01 9.442298e-01 
8.800880e+06 9.460498e-01 9.460498e-01 
8.900890e+06 9.478105e-01 9.478105e-01 
9.000900e+06 9.495137e-01 9.495137e-01 
9.100910e+06 9.511613e-01 9.511613e-01 
9.200920e+06 9.527551e-01 9.527551e-01 
9.300930e+06 9.542969e-01 9.542969e-01 
9.400940e+06 9.557885e-01 9.557885e-01 
9.500950e+06 9.572313e-01 9.572313e-01 
9.600960e+06 9.586270e-01 9.586270e-01 
9.700970e+06 9.599772e-01 9.599772e-01 
9.800980e+06 9.612834e-01 9.612834e-01 
9.900990e+06 9.625469e-01 9.625469e-01 
1.000100e+07 9.637692e-01 9.637692e-01 
1.010101e+07 9.649516e-01 9.649516e-01 
1.020102e+07 9.660954e-01 9.660954e-01 
1.030103e+07 9.672019e-01 9.672019e-01 
1.040104e+07 9.682723e-01 9.682723e-01 
1.050105e+07 9.693077e-01 9.693077e-01 
1.060106e+07 9.703094e-01 9.703094e-01 
1.070107e+07 9.712783e-01 9.712783e-01 
1.080108e+07 9.722157e-01 9.722157e-01 
1.090109e+07 9.731224e-01 9.731224e-01 
1.100110e+07 9.739996e-01 9.739996e-01 
1.110111e+07 9.748482e-01 9.748482e-01 
1.120112e+07 9.756690e-01 9.756690e-01 
1.130113e+07 9.764631e-01 9.764631e-01 
1.140114e+07 9.772312e-01 9.772312e-01 
1.150115e+07 9.779743e-01 9.779743e-01 
1.160116e+07 9.786931e-01 9.786931e-01 
1.170117e+07 9.793885e-01 9.793885e-01 
1.180118e+07 9.800612e-01 9.800612e-01 
1.190119e+07 9.807119e-01 9.807119e-01 
1.200120e+07 9.813414e-01 9.813414e-01 
1.210121e+07 9.819504e-01 9.819504e-01 
1.220122e+07 9.825394e-01 9.825394e-01 
1.230123e+07 9.831093e-01 9.831093e-01 
1.240124e+07 9.836606e-01 9.836606e-01 
1.250125e+07 9.841938e-01 9.841938e-01 
1.260126e+07 9.847097e-01 9.847097e-01 
1.270127e+07 9.852087e-01 9.852087e-01 
1.280128e+07 9.856915e-01 9.856915e-01 
1.290129e+07 9.861585e-01 9.861585e-01 
1.300130e+07 9.866102e-01 9.866102e-01 
1.310131e+07 9.870472e-01 9.870472e-01 
1.320132e+07 9.874700e-01 9.874700e-01 
1.330133e+07 9.878789e-01 9.878789e-01 
1.340134e+07 9.882746e-01 9.882746e-01 
1.350135e+07 9.886573e-01 9.886573e-01 
1.360136e+07 9.890275e-01 9.890275e-01 
1.370137e+07 9.893856e-01 9.893856e-01 
1.380138e+07 9.897320e-01 9.897320e-01 
