1.000100e+05 6.420247e-02 3.263372e-02 3.263372e-02 
2.000200e+05 1.242830e-01 6.420247e-02 6.420247e-02 
3.000300e+05 1.805062e-01 9.474103e-02 9.474103e-02 
4.000400e+05 2.331197e-01 1.242830e-01 1.242830e-01 
5.000500e+05 2.823553e-01 1.528609e-01 1.528609e-01 
6.000600e+05 3.284299e-01 1.805062e-01 1.805062e-01 
7.000700e+05 3.715464e-01 2.072493e-01 2.072493e-01 
8.000800e+05 4.118947e-01 2.331198e-01 2.331198e-01 
9.000900e+05 4.496525e-01 2.581459e-01 2.581459e-01 
1.000100e+06 4.849862e-01 2.823554e-01 2.823554e-01 
1.100110e+06 5.180514e-01 3.057748e-01 3.057748e-01 
1.200120e+06 5.489937e-01 3.284300e-01 3.284300e-01 
1.300130e+06 5.779494e-01 3.503458e-01 3.503458e-01 
1.400140e+06 6.050462e-01 3.715465e-01 3.715465e-01 
1.500150e+06 6.304032e-01 3.920553e-01 3.920553e-01 
1.600160e+06 6.541322e-01 4.118948e-01 4.118948e-01 
1.700170e+06 6.763378e-01 4.310869e-01 4.310869e-01 
1.800180e+06 6.971178e-01 4.496526e-01 4.496526e-01 
1.900190e+06 7.165636e-01 4.676125e-01 4.676125e-01 
2.000200e+06 7.347609e-01 4.849863e-01 4.849863e-01 
2.100210e+06 7.517900e-01 5.017932e-01 5.017932e-01 
2.200220e+06 7.677257e-01 5.180515e-01 5.180515e-01 
2.300230e+06 7.826383e-01 5.337793e-01 5.337793e-01 
2.400240e+06 7.965935e-01 5.489939e-01 5.489939e-01 
2.500250e+06 8.096527e-01 5.637119e-01 5.637119e-01 
2.600260e+06 8.218735e-01 5.779496e-01 5.779496e-01 
2.700270e+06 8.333097e-01 5.917228e-01 5.917228e-01 
2.800280e+06 8.440116e-01 6.050464e-01 6.050464e-01 
2.900290e+06 8.540265e-01 6.179352e-01 6.179352e-01 
3.000300e+06 8.633984e-01 6.304034e-01 6.304034e-01 
3.100310e+06 8.721686e-01 6.424648e-01 6.424648e-01 
3.200320e+06 8.803757e-01 6.541325e-01 6.541325e-01 
3.300330e+06 8.880559e-01 6.654195e-01 6.654195e-01 
3.400340e+06 8.952430e-01 6.763381e-01 6.763381e-01 
3.500350e+06 9.019687e-01 6.869005e-01 6.869005e-01 
3.600360e+06 9.082626e-01 6.971181e-01 6.971181e-01 
3.700370e+06 9.141524e-01 7.070023e-01 7.070023e-01 
3.800380e+06 9.196640e-01 7.165639e-01 7.165639e-01 
3.900390e+06 9.248218e-01 7.258136e-01 7.258136e-01 
4.000400e+06 9.296484e-01 7.347613e-01 7.347613e-01 
4.100410e+06 9.341652e-01 7.434171e-01 7.434171e-01 
4.200420e+06 9.383920e-01 7.517904e-01 7.517904e-01 
4.300430e+06 9.423474e-01 7.598904e-01 7.598904e-01 
4.400440e+06 9.460488e-01 7.677261e-01 7.677261e-01 
4.500450e+06 9.495127e-01 7.753061e-01 7.753061e-01 
4.600460e+06 9.527541e-01 7.826388e-01 7.826388e-01 
4.700470e+06 9.557874e-01 7.897321e-01 7.897321e-01 
4.800480e+06 9.586260e-01 7.965940e-01 7.965940e-01 
4.900490e+06 9.612823e-01 8.032319e-01 8.032319e-01 
5.000500e+06 9.637681e-01 8.096532e-01 8.096532e-01 
5.100510e+06 9.660943e-01 8.158650e-01 8.158650e-01 
5.200520e+06 9.682711e-01 8.218741e-01 8.218741e-01 
5.300530e+06 9.703082e-01 8.276870e-01 8.276870e-01 
5.400540e+06 9.722145e-01 8.333103e-01 8.333103e-01 
5.500550e+06 9.739984e-01 8.387500e-01 8.387500e-01 
5.600560e+06 9.756678e-01 8.440122e-01 8.440122e-01 
5.700570e+06 9.772300e-01 8.491028e-01 8.491028e-01 
5.800580e+06 9.786919e-01 8.540271e-01 8.540271e-01 
5.900590e+06 9.800600e-01 8.587908e-01 8.587908e-01 
6.000600e+06 9.813402e-01 8.633990e-01 8.633990e-01 
6.100610e+06 9.825382e-01 8.678569e-01 8.678569e-01 
6.200620e+06 9.836593e-01 8.721693e-01 8.721693e-01 
6.300630e+06 9.847084e-01 8.763409e-01 8.763409e-01 
6.400640e+06 9.856902e-01 8.803764e-01 8.803764e-01 
6.500650e+06 9.866089e-01 8.842802e-01 8.842802e-01 
6.600660e+06 9.874687e-01 8.880566e-01 8.880566e-01 
6.700670e+06 9.882732e-01 8.917098e-01 8.917098e-01 
6.800680e+06 9.890261e-01 8.952438e-01 8.952438e-01 
6.900690e+06 9.897307e-01 8.986624e-01 8.986624e-01 
